0 0.9191333333333331 0.74875 0.9972666666666666 0.74875 0.9972666666666666 0.9970277777777778 0.9191333333333331 0.9970277777777778
1 0.23909717632151142 0.8614197403194463 0.2401004183942063 0.8181237069037377 0.22102265630987677 0.8177127124527833 0.22052161251292673 0.8082967834022664 0.2252203412078267 0.8087077778532209 0.22635057594795124 0.7152457925401208 0.19380581872209657 0.7148347980891664 0.1940759667600834 0.7923264934073159 0.2000977281538421 0.792375751169228 0.19978948231562632 0.8089817741538572 0.20795626531015263 0.8087247102088782 0.20764801947193684 0.8178327782474443 0.20293543703149913 0.8181067745480806 0.20292389224355095 0.8619277109891651
1 0.2455992008939135 0.7999460534530997 0.2649321027918973 0.8007495706942912 0.26503485140463584 0.8621509102228293 0.24513510041839756 0.862578837029441
1 0.23052632574879964 0.7140405166783332 0.25358357623885885 0.7143037378435512 0.2535708769721159 0.7477697691476688 0.22844595496054174 0.7483177617489413
1 0.2724939388979401 0.7136464545830361 0.30957233435103604 0.7132246849966635 0.3089558426746044 0.7488657543502139 0.2717123567538498 0.7494137469514863
1 0.31387045890413495 0.7376842423961588 0.337905552933403 0.7374471894169566 0.3382010995048758 0.7483346941045986 0.3137954177824719 0.748745688555553
1 0.22963968603438117 0.755022974589231 0.4377090902664257 0.7557772340685104 0.4375670893746634 0.7917092320783544 0.2293983999662647 0.7933686029327697
1 0.19708155896162713 0.7059574725523124 0.22050707841893527 0.7062602015787192 0.21909889216905204 0.4474351552859429 0.1973129481559912 0.4472234103931558
1 0.22646116283584225 0.7059574725523124 0.22637493469102565 0.6741494194389448 0.307969092156725 0.6731932589074531 0.30785867050365046 0.7056803845090168
1 0.2254534078894729 0.4476502665538756 0.3554083629742008 0.4474212904364879 0.3548131718485551 0.5446813426229734 0.30154540084779424 0.5446921064575515 0.3012922061026059 0.5614161698006026 0.3103433678197311 0.5615032590076433 0.3096982716428599 0.6638546049495494 0.22549230447351631 0.66448575706799
1 0.3605375747832487 0.44639774762115625 0.42856549858177345 0.4467128344151685 0.42831230383658514 0.5454729737296686 0.360271903775254 0.5478126399547716
1 0.3203317170429594 0.5606274742851559 0.428401105471854 0.5607938244559078 0.4283856936177991 0.7031024814123917 0.4059005324494473 0.7031895706194324 0.40595043750067283 0.6952996798737171 0.3219396871493586 0.6946029662173919
1 0.3363013334351304 0.8679956203744705 0.396875057155747 0.8689007610094436 0.39668717931583913 0.859182975446291 0.39676056909705315 0.7995288256842861 0.37787444279943694 0.7986589121442959 0.37822524595364 0.8347001444332934 0.37423284185559724 0.8342646983980904 0.3740611097675564 0.7990190113374527 0.3360870352739855 0.7987577437163307
1 0.40187069956298543 0.79785456014219 0.4016050285549907 0.8303613405679205 0.43848486141066056 0.8301763983192613 0.43900739665290434 0.798717623969267
1 0.40168282172307757 0.9043186694233301 0.40111478481648105 0.8376083368302011 0.4294990165988158 0.8382179612794856 0.4295643335040963 0.9046924680423136
1 0.3821435263726566 0.8720036809591724 0.3969440435500882 0.8723520377873349 0.3972133840471437 0.9053999455332168 0.3816826385466325 0.9053891816986387
1 0.36636178782039347 0.8712521695995408 0.3788593336633291 0.8716455388268479 0.379120601284451 0.9052913286570199 0.36622528282733535 0.9055525962781419
1 0.3515194384676698 0.8712521695995408 0.36345114909744536 0.8714390689090324 0.3637359014485558 0.9053363410561646 0.35134770637962903 0.9058588762984084
1 0.3357376999154067 0.8717531771726285 0.34916069089945123 0.8721230616699472 0.3489647401836098 0.9051924970849851 0.3354742306008484 0.9056171792856103
1 0.44376745786244576 0.8421937303604532 0.4911244158842293 0.8420753281800946 0.4904793197073581 0.920119978583917 0.46954561851387067 0.9173341024890328 0.4701496164132621 0.8964532419380195 0.44320896162740714 0.8966372056562626
1 0.44339170218262997 0.9013126239848038 0.46783123322471115 0.9012304274298442 0.4677659163194307 0.9176188548401432 0.4442936625937503 0.9177059440471839
1 0.4439553357023537 0.9218539344814003 0.48976817272739426 0.9215241697311451 0.49004485220257116 0.9532442117022614 0.4439179069139345 0.9532334478676834
1 0.524930684702656 0.8376846622026637 0.5392571038934452 0.838398010876064 0.5396409324491944 0.842109576744661 0.5482268029534229 0.8425450227798643 0.5484146807933307 0.8369292367213673 0.5793616837356591 0.8374723211023511 0.5790350992092567 0.9055046482877488 0.5243230173142039 0.9063960894968951
1 0.49562174167702455 0.9125852943792775 0.5791018839101615 0.9119551207912532 0.5791672008154419 0.931499308793755 0.5374634576405745 0.9313251303796737 0.5367853360621568 0.9534252398292559 0.4956694450348137 0.954383221106703
1 0.4953481348136217 0.9063679971638461 0.5207126776269068 0.9066776472237538 0.5213414971511161 0.8296128599243159 0.6548829983802097 0.8287292891636913 0.6553267475283048 0.7241813250798097 0.46956537662301895 0.7239021121326938 0.4694766267933999 0.7520707097402978 0.44309499204733754 0.7515973773156631 0.4437052717746051 0.8297956167045815 0.4962890472292984 0.8297956167045815
1 0.5414497470470966 0.6586234546824655 0.6027539411536766 0.6591007758634875 0.6025764414944387 0.6988141640416016 0.5412423317149535 0.6993619532521336
1 0.6080779337417181 0.6119922333431902 0.6543714403735297 0.612704891151067 0.6546376898623866 0.6996877016904354 0.6075962914079434 0.6996877016904355
1 0.549363439719638 0.37985724828198014 0.5489605753245137 0.361237733465739 0.5409312087167386 0.3619331066626037 0.5411974582055956 0.29940536153419817 0.6524977220605627 0.29847332212501604 0.6533632821966219 0.39361845781840527 0.5973411987360161 0.39361845781840515 0.5972524489063972 0.3803385582193894
1 0.5472050796530082 0.14791897416087402 0.5468664764445975 0.231405798704848 0.5522604394888672 0.231405798704848 0.551640363654535 0.24750268867834346 0.5401571165742393 0.24863972661275935 0.5410407282493571 0.2903161718238228 0.6498829621047307 0.2910262995486208 0.6497213880999313 0.2436472160671542 0.6553381792445555 0.24295464206139614 0.6550198186128764 0.2048199853434235 0.6502671491828097 0.20439390870854468 0.6500672761546502 0.17573347289422536 0.654432167973198 0.17614199581006423 0.6547002611367173 0.14604375082710894
1 0.5407498233036598 0.6514539057811056 0.6023582391218919 0.6522424511913862 0.6021184299612959 0.6051629244550281 0.6546501592047889 0.6051497018947947 0.6539388455667804 0.532190018628952 0.549383854623314 0.5323366688424492 0.5491530608446954 0.564325648199748 0.5402900388228179 0.5646465957981397
1 0.5361339477312854 0.716999338908822 0.5359788831612758 0.5635286884329553 0.5338647760876005 0.5634349284603913 0.5331011732341239 0.5130004775775496 0.5492044485219658 0.512679529979158 0.5492911526415943 0.5250661779915122 0.5833320021784869 0.526373393904582 0.5829289551343748 0.47016378138765214 0.5494256695925667 0.4703888159872813 0.5496554064077105 0.4941652328645204 0.5437104625070589 0.49362783680570443 0.5441981494304343 0.47840340645944796 0.5335869283765762 0.4761926934224938 0.5338897174684654 0.4479128975723768 0.5433300868591782 0.4476737563262037 0.5436777149347247 0.4133193697762456 0.5327803304795471 0.4129015443405163 0.5329647245022283 0.3639729766754691 0.536645551632581 0.3638258645043682 0.5358334118386953 0.1372959603415249 0.6537372674615776 0.13866363331121154 0.6528016945104326 0.05464511824070213 0.5546970211207461 0.054368359270411844 0.5549045903484638 0.09646259255746682 0.5350998662184115 0.09667217702040508 0.5353689001203563 0.08024599473762135 0.31559837916980105 0.08079816918805477 0.31546386221882866 0.11282294382304554 0.3019335729479895 0.11291362940797077 0.3019391148448461 0.07377843316977116 0.3091889235508103 0.07395778910440104 0.30879091459474967 0.05567020122289351 0.20149267364134366 0.05608802665862293 0.20176170754328837 0.08124689489716616 0.19775541992481527 0.08142625083179597 0.19721785592973096 0.20685381921437013 0.20015909173413807 0.2077505988875193 0.20033844766876793 0.23348515265406908 0.20040091996060524 0.44019260667785237 0.43319998175334395 0.4409839223744589 0.43364837158991854 0.7027930104413995 0.443346691088863 0.7030321516875727 0.4433522329857196 0.7447367728319861 0.4654261119741223 0.7446245914047083 0.46428296979525974 0.669698817649365 0.4714879395175665 0.6704753549543542 0.471846147578021 0.7170514713719344