0 0.9151708333333333 0.6702333333333332 0.9827625000000001 0.6702333333333332 0.9827625000000001 0.9732111111111111 0.9151708333333333 0.9732111111111111
1 0.5257805285809987 0.664191910127517 0.5780996667905011 0.6943849388251945 0.5696363161475152 0.7265312772081322 0.6092318781900745 0.7503159750443628 0.6388571742158334 0.6405059484081418 0.5694382491179197 0.5992461474802727 0.5534537045132669 0.6556030575528654 0.5323006810687639 0.641354127339683
1 0.5063663909053319 0.6297793994239822 0.41451592860881453 0.5737436791291118 0.37382742912817196 0.6737252985670263 0.42741437476585104 0.7078963221413846 0.4352737101879535 0.6954757944776815 0.44056085080679547 0.6617556261839038 0.4904175340537593 0.691057650646344
1 0.4351050855546492 0.6952545304085839 0.44288412353232104 0.6691893851505241 0.4777581958423607 0.69113735329489 0.4709712774003204 0.7167088179686726
1 0.4161477511184099 0.5679586943548002 0.4372677633913135 0.5147482545121179 0.4453439019133786 0.4577715671276979 0.5366501259754218 0.5125641640236055 0.5161029021394565 0.592332240116855 0.46388636622005974 0.562078542238941 0.4587080732481127 0.5797130506276716 0.450948663534635 0.5866590769688615
1 0.49106348238451225 0.6124208763257389 0.496459470650249 0.5881246540286913 0.514446990396532 0.5974379679908723 0.5083952396679452 0.6221624433248832
1 0.46982213175113563 0.5987167791429153 0.47210168697913785 0.5880842079085336 0.4823217672675001 0.5775396664650833 0.49354378122359094 0.5850543176720188 0.4874411754468648 0.6091435510012009
1 0.5525035180875048 0.7159629439292949 0.5591619606184559 0.6899263488736995 0.5732416714024494 0.6984985471635803 0.5658792879419898 0.7244126142669335
1 0.5474786824538027 0.7116994470279722 0.5547777201525448 0.6887855303669002 0.5251220895366677 0.6707406128177466 0.5194245397574025 0.6960099211821161
1 0.5595839682986301 0.9315740729390529 0.5764134204574585 0.8733828123581343 0.5347916862337667 0.8487642106915949 0.5267155477117017 0.8797066822039581 0.4813234023750796 0.8547442885160788 0.4760951465488201 0.8755276463182586 0.4936669039717179 0.8860983587806345 0.4817418412799458 0.9335499848679306
1 0.578084499495442 0.8645762644896933 0.607170018255862 0.7570157558892986 0.5379277475356955 0.717818707089469 0.5234920514147263 0.7706413400153458 0.5011390272728994 0.7600587316352764 0.49443151408146263 0.7826003060725442 0.5355643260879546 0.8051287950003492 0.5316654390639352 0.8188602527938676 0.5417463371152844 0.8259383238214544 0.5370132488630136 0.8414434629430624
1 0.5054527844264769 0.8201140825187544 0.512725056310409 0.7969408348519659 0.49439850290986337 0.7886993430739623 0.48829678932696435 0.8098800245271024
1 0.49563151477878675 0.8545265932222892 0.502803860954094 0.8298818205368242 0.48560950152002 0.8187163121897771 0.48078540949739457 0.8464968487792285
1 0.5241817172430026 0.8709715098416775 0.5005698076112691 0.8579930636381526 0.507703789452015 0.8318672491998567 0.5311684871022924 0.845386959658432
1 0.5383057083017149 0.5046211152431238 0.5437495327752294 0.4844070698969282 0.49284687981075026 0.45030369677890236 0.5242800556011711 0.33880445485178723 0.47431681107817336 0.3075414479979041 0.4628674148610867 0.3383236801611974 0.4474402406776457 0.45076802391428783
1 0.5643140375669339 0.35342253583882755 0.4761311029368731 0.30091434844708903 0.5265801829366774 0.1770338930407306 0.5866956809095849 0.21136247114540127 0.5784231932400538 0.2418815424254243 0.5944415305134371 0.25132243911274427
1 0.5775414272202738 0.47210599144411947 0.5901260540368524 0.47960399833403217 0.5845036626949238 0.505347456786963 0.570177756681446 0.4989246554038876
1 0.568892436422416 0.5038987403087511 0.5490155713523409 0.5794105930432432 0.6398365573494575 0.6327480588699186 0.6548257855143527 0.5779941758176603 0.5768722517778123 0.5315981993721609 0.5823384252962588 0.5101733451209407
1 0.5949750328983395 0.4815248580170499 0.6685482179915786 0.521201639937702 0.6560612319274113 0.5713804288528664 0.5819258973417253 0.5278875852319018
1 0.44347779260265097 0.8552971342525335 0.394760065617178 0.8271248169215429 0.38711087441609854 0.8562894938800963 0.3482380085861031 0.8349032525651343 0.35615163094542535 0.7789765577862182 0.36578257026502103 0.714239452581355 0.4673954423088813 0.7753834632464996
1 0.3909540396204474 0.8584762504246659 0.39822589647212436 0.8352102700147795 0.42244660211252044 0.8482278098797358 0.41492962649056236 0.8736924313806298
1 0.4263224498195735 0.8508701407044238 0.44496484647569046 0.8612671380798278 0.43772715769502263 0.8859592640622599 0.41968641620232316 0.8771468728785731
1 0.8914910252396574 0.9223616298014814 0.7978556549922231 0.9232430669956241 0.797194577096616 0.866369570017157 0.8983959467200645 0.8653118453841858
1 0.897901252474588 0.857462102461967 0.8982800723922953 0.8021197312162467 0.7974590082548587 0.8028684576418331 0.7976239063366843 0.8575849094418252
1 0.7986415206254277 0.7398209387888882 0.8704271522468225 0.7407994331122737 0.8979992999827004 0.7566573795758826 0.8966296060057352 0.7972549902076753 0.7980205530740485 0.796858838659746
1 0.7978809096534034 0.687592318709892 0.830120713002758 0.6856670221869557 0.897424385048768 0.721195873762993 0.8989946307468728 0.7489522319686581 0.8704642914544409 0.7325416540956876 0.798371147193966 0.7340410877046