0 0.9143916666666666 0.6696944444444445 0.9823916666666666 0.6696944444444445 0.9823916666666666 0.9760833333333334 0.9143916666666666 0.9760833333333334
1 0.23440159631535995 0.33921531824499246 0.24851075405427783 0.3029986702935176 0.2962271761488884 0.33139316413918013 0.2790708770622057 0.39607213047228834 0.27235190557652944 0.3932019946208377 0.2780913501509433 0.3754782853917645 0.2631205313102246 0.36620617504745273 0.2655839267279719 0.35818633723314
1 0.2521881673094794 0.4605451418120216 0.2627570083399905 0.42210103684384465 0.24030295129119206 0.40753116853741717 0.24466274554853967 0.392235081419009 0.23263174813433934 0.3848860448080179 0.24122726737591715 0.3498232410965355 0.2336801334921819 0.3443220095265072 0.23088609346157662 0.36238732282089725 0.22851947207686105 0.37767513865443103 0.22614664722848957 0.39595219684160815 0.22423536007611508 0.4108711133697393 0.22108275984620032 0.4219463638166914 0.2148606857993596 0.4371597380863548
1 0.19739917630080786 0.48066090662679956 0.21287247569765225 0.4413582422886497 0.2515380443183439 0.46445497817219655 0.2399977408793231 0.5071968427611625
1 0.19549347226572367 0.484472314696968 0.19447672457252604 0.4957576557797324 0.1899444740255451 0.5298080542225763 0.22778250059454333 0.5536219105047421 0.2388687104939542 0.5111918733555447
1 0.1783421359499656 0.5767930879521594 0.18637748242341806 0.5535846897228068 0.1891237557838731 0.5353721475576508 0.22678932606323804 0.5568220706226852 0.2156696174600854 0.5990585597058192
1 0.15579130486813558 0.644551453644043 0.1593161129174027 0.6231379242324565 0.17581670589565965 0.580965124042856 0.21386192815076405 0.6035548301635961 0.20184457835660655 0.6494521899321828 0.1878675543935588 0.6639385182613778
1 0.13863996855237753 0.7233205537608578 0.14901029874590066 0.6867449320458299 0.15448733680767104 0.6490245645041713 0.18904249040998114 0.6697763911257981 0.20133589433682497 0.656190805719436 0.20656479385236043 0.663089057304767 0.2066200046788977 0.7330194624046935 0.19160141916802884 0.7370955515908459
1 0.20946863518967465 0.6661494327083309 0.23964910622186306 0.666280119009348 0.23976635168495902 0.7252949094604004 0.21026143784489523 0.7321666929341328
1 0.24297726447323897 0.6661494327083309 0.27318130866731966 0.6666134517897903 0.2728568675181175 0.7321203737388358 0.24306287227169 0.7247159195191856
1 0.27632708508721293 0.7326373290434918 0.29077247055627914 0.7363958008904635 0.30583199892727675 0.7333048217328638 0.30664589335892734 0.6667309040350081 0.2759201378713877 0.6663628318580931
1 0.30967690570118694 0.7322138392579176 0.3394901316849476 0.7253784494376327 0.3396210247680866 0.6660601028316865 0.3096055658691444 0.6662255285291763
1 0.34318553498475124 0.6665729224939053 0.3730440462531998 0.6663917813551539 0.3732710930230048 0.7321658658056456 0.3431042696108593 0.7251112869361865
1 0.376852972937906 0.6661494327083309 0.3766848590728317 0.7334164840786694 0.39123384238495107 0.7365628808449284 0.4384676350071347 0.7251021885228245 0.4384539873870918 0.70303605473464 0.3975185714147161 0.7028243098418528 0.3978082731674454 0.6661874806187537
1 0.3636718533619067 0.4446642748529863 0.3985111255996558 0.4635815304894496 0.40538890575492237 0.4404856217343902 0.41617859009158253 0.44648313039688836 0.4125712759756922 0.45839460774465224 0.41290936474493733 0.4912498055231313 0.36319914943132914 0.49092805254151334
1 0.36319542735313565 0.5407964561783463 0.3630955515882761 0.49513896367112 0.4128268586783142 0.49513896367112 0.4126612261987024 0.5401810725836836
1 0.3630366186835453 0.5452430989268761 0.41293045652136734 0.5453497985017571 0.4128752456948301 0.5906946364407275 0.3628542368520626 0.5911363230530255
1 0.36287781001395497 0.5954266385174275 0.4130880244982265 0.5956152238125662 0.4129223920186147 0.6483827127979104 0.3634336403575211 0.6480799837715038
1 0.541946867688898 0.6482716817307199 0.5571545604046579 0.6496726328172627 0.5575572186322457 0.6314038158934896 0.5808301729280568 0.6320063631124548 0.5805994653169712 0.6488546432848241 0.596520882702232 0.6490228495830439 0.5963575728202276 0.5732931482502917 0.5417697326316975 0.5728058108246276
1 0.5503525742081544 0.6665577801234882 0.5791288123054812 0.6660589217184939 0.5793586558431171 0.7288113919337977 0.5504260204513839 0.7365765320022994 0.5004220899138258 0.7254691558301296 0.5001913823027401 0.7029064699100204 0.5510222311317178 0.7024064594070931
1 0.6120681562837472 0.7281996279313684 0.6128458223885306 0.6667743745348945 0.5824624076746517 0.6664667643867803 0.5820683901815616 0.7285141506670806 0.5989515213164045 0.7241845666348212
1 0.6160498067402371 0.6668527171943394 0.6464280370134173 0.6668262189418801 0.6458136807906386 0.7361894270968073 0.615698992919635 0.7297319181822745
1 0.6793138084377983 0.6668527171943394 0.6490496358599863 0.6662616909547041 0.6486841327907382 0.7365339043787779 0.6794416913083627 0.7293724636271746
1 0.6830742560911498 0.7279046908605172 0.6989282757473295 0.7245025456643324 0.7293894570716866 0.7325096262987667 0.7288416345045394 0.681465927376665 0.7136589999188225 0.6659103010851354 0.6824296572976296 0.6662951017947616
1 0.7200151242152504 0.6429628144554002 0.7482228019826356 0.6724887802826346 0.7703811015282576 0.6582926295520592 0.761839735477389 0.6389339279836567 0.7592354180998151 0.6171281704055365
1 0.757177195142489 0.6119944220160346 0.7549573904500579 0.5938108603393044 0.7459632499115156 0.571325364980707 0.7094302244557015 0.5935654634795728 0.7064992873141187 0.596820140140332 0.718961818679994 0.6384327653827965
1 0.7306328587658899 0.525577860256662 0.7438186196092136 0.56600612882399 0.7056239809095128 0.5917693428020069 0.6934975741155938 0.5512189518537796
1 0.6950192074606195 0.4960841531715519 0.7173762438996861 0.4809478905276387 0.7289643329344051 0.5224464580747351 0.6919318730246302 0.5470322279652136 0.6870317124910464 0.5279684634676621 0.7019922802001752 0.5175765401118929
1 0.6578571365333808 0.45892208224431313 0.680939994670245 0.4449598073941393 0.6937680291053683 0.49012204636821416 0.7161950554938653 0.47517011939358295 0.698514384564895 0.4139050076097978 0.6533924690184756 0.44274317097102406
1 0.726828331547748 0.6716445621195474 0.7320074826053082 0.6624179584009032 0.7481483664392686 0.6782938811023552 0.7723331015323972 0.6625862477196777 0.7808414029480143 0.678735404202735 0.7881896425988218 0.7315442142558732 0.7508769224728792 0.7363924593495517 0.7321166815733893 0.7330068186162321 0.7326690581716696 0.677694468584923
1 0.42734892429102994 0.43662259358372035 0.434000418458088 0.4136142019933003 0.38028160826062735 0.38212790935123786 0.36486745866014875 0.43976647199275615 0.3849359616854136 0.4519049069532193 0.39483169607698293 0.41733649701933667