1 0.036608349999757796 0.10271299836332866 0.03618987360621187 0.2426554814992254 0.1601080153998706 0.24338423284284277 0.1608098626007862 0.10348386053900095 0.1215029101135079 0.1031715385345935 0.12133797602129273 0.17396218670961086 0.11464498565156132 0.17393645231224394 0.1149757311449928 0.10331658695611606
1 0.1675449638025725 0.3183204584846016 0.1676765601527442 0.1809057950173359 0.22585179732763735 0.1801782134190534 0.22655452183755406 0.3191919187590718
1 0.1592350929437318 0.3177215488731537 0.16035015268418645 0.24784330205932656 0.12852576866766965 0.246933240188806 0.12744316936025732 0.3187883566185453
1 0.09702335705457284 0.31742209406742966 0.09764010528237743 0.24703617777827366 0.12400060883976628 0.2465168108495961 0.12465420404561894 0.31854271009822493
1 0.09365449049017795 0.31742209406742966 0.09378345491334618 0.2464396076574954 0.06748173105903402 0.2463355003226929 0.06724836686472956 0.3181391479576983
1 0.03705753220834379 0.24555294069367198 0.0634154038387292 0.2454125712534889 0.06373737624214927 0.3183719272793354 0.03607845536306653 0.3186713820850594
1 0.16732037269827957 0.10301245316905265 0.1675993569606435 0.16847374159845085 0.24397875590928503 0.16795320492443844 0.24381294450806876 0.10265334135125083
1 0.25041908128668683 0.18865652760611384 0.3483285204324157 0.18952096940857488 0.3479775968319579 0.3428043980885424 0.3090022671471122 0.34156914701493096 0.3078503604286094 0.2961830280223887 0.25104197067749945 0.2962204598731042
1 0.25041908128668683 0.3461697554169327 0.3487934942030222 0.34706928957943955 0.3481881509922325 0.41425595237775525 0.2499365613360574 0.4138395230385453
1 0.3061176751513491 0.34197738813679684 0.3038077205513356 0.30582289932696444 0.2502664295204877 0.3060428114499181 0.2504225905226914 0.3421949607690807
1 0.3559769003043934 0.3291008314906652 0.524554456801313 0.32909732225466065 0.5240078932936 0.36912249837754263 0.4392300152770021 0.36913536557622606 0.43936687548118075 0.4145600861648187 0.3555549146748429 0.4149882129573772
1 0.41437058742057153 0.17967288343439414 0.4436007687207041 0.17954655093822935 0.44370780041884367 0.1898894391890556 0.461717199594338 0.19029300132958207 0.46168824839730027 0.17954655093822933 0.5242824910109583 0.17979336720388467 0.5239315674105004 0.31967970256370815 0.4152224544606828 0.3193802477579842
1 0.03832830248663016 0.5670940238882054 0.11466373405825725 0.5664066001162886 0.11447537672496864 0.6367089624015982 0.12288142643237535 0.6362968301167958 0.12276068455206214 0.5661200393870118 0.16008924426969878 0.5664581166518889 0.1587731577742846 0.7758261470067586 0.03749035383725637 0.7752884431664303
1 0.1681499721994097 0.5662697593186004 0.24328402206192024 0.5667414575976907 0.2429616412414839 0.6291328118848777 0.168134275754969 0.6301518733547213
1 0.167531773772206 0.6445748934310706 0.2248902040150036 0.6446698770435836 0.22413798210065208 0.7794033264475051 0.16918231527608774 0.7792439471654916
1 0.2522249582991145 0.6524054068423175 0.3479273874729829 0.6525422476400058 0.3473381670970544 0.8755154730685697 0.2513616538548749 0.8747990712453778
1 0.3567004924965419 0.7925303836751589 0.5236297642859848 0.7928233839713856 0.523750506166298 0.8310261149024901 0.4390536993829801 0.8321900666287095 0.43879893401551917 0.8769305679058408 0.3562923849410832 0.8765699521566386
1 0.4144353841871609 0.6420000331271395 0.41491383467838355 0.7813520068001731 0.5237134763824054 0.7806094934695327 0.5235566073688898 0.6435875475439173 0.4612105866372457 0.6426358755285894 0.46037447479520743 0.6546394924428038 0.4433651676597098 0.653568599977204 0.44359262772930746 0.6421443526195738
0 0.9196291666666665 0.7480222222222223 0.9963041666666667 0.7480222222222223 0.9963041666666667 0.9939111111111111 0.9196291666666665 0.9939111111111111