1 0.08112540881864506 0.2512372156825481 0.1302710237698839 0.25155288353117927 0.13092692505847942 0.3706026522499649 0.0810784271252204 0.37094411396949595
1 0.13513040480547564 0.29871759061129 0.16392373440707872 0.29998763168321463 0.16327796642490813 0.3715729931076249 0.13469651504855362 0.3721330885900211
1 0.13418708609828212 0.2512372156825481 0.23725110332690208 0.25309560266690206 0.2362055303457842 0.3714084036456927 0.16977249463361369 0.37177565923612355 0.1691267266514431 0.2934298470768262 0.13396783819563357 0.29321121331396094
1 0.24526286387032228 0.33016154751774157 0.295444839705929 0.33026717956047413 0.2955268273670035 0.381596982651123 0.2446032777430268 0.38249731157348354
1 0.301600931329712 0.25176691110590144 0.30156035617366744 0.37180657811329865 0.37015120835419707 0.37153800922328983 0.37090112418466253 0.3139454395186825 0.40727240424041883 0.3134401822184139 0.4054834745926707 0.25138531142405424
1 0.4114088964878851 0.3719621162114693 0.40960040381847257 0.2523079131864949 0.4584847721758128 0.252039344296486 0.45866228848350754 0.3720606558761488
1 0.40528784437602744 0.3714674857377838 0.40626599545924336 0.3180444963543219 0.3762353080917999 0.3182164577299391 0.375977366028374 0.37247993248860883
1 0.13214680991088215 0.6405083127682929 0.1336766685527299 0.528076349923573 0.08196313699731432 0.5270633143174996 0.08172330612633269 0.640853069645329
1 0.1355044421046251 0.640828087262935 0.13573958877890788 0.577651389546069 0.16321240241772236 0.5776651298563856 0.16287888761276353 0.6409355115072288
1 0.1702799183969625 0.6401885382736506 0.16960726775100618 0.5720928094634217 0.13695747992061147 0.5722177213753913 0.1373012999583078 0.5272531804236933 0.23798904483964553 0.5271832297529904 0.23771923510979118 0.6401410717471021
1 0.24462748840127005 0.6034144713897995 0.24488605605904715 0.657227772185424 0.29531892823699435 0.6560048845672418 0.2960384208499393 0.6044712261650624
1 0.302186897436863 0.6405083127682927 0.30264126451665246 0.5267223047978226 0.4047052263881153 0.5271794823956313 0.4045394058249756 0.6413177419578558 0.37650355174295813 0.6416512567628146 0.3765241622084331 0.5892681973592421 0.37101179953321456 0.5892819376695586 0.3701255495177902 0.6415400851611617
1 0.40915146589467327 0.6408280872629349 0.4093575705494231 0.5265936455284939 0.4584891728844269 0.5272606751384115 0.4583018050164726 0.6408293363820546
0 0.92045 0.7474722222222222 0.9974000000000001 0.7474722222222222 0.9974000000000001 0.9938166666666667 0.92045 0.9938166666666667